-0.35  -0.75
-0.25  -0.75
-0.15  -0.75
-0.05  -0.75
0.05  -0.75
0.15  -0.75
0.25  -0.75
0.35  -0.75
-0.45  -0.65
-0.35  -0.65
-0.25  -0.65
-0.15  -0.65
-0.05  -0.65
0.05  -0.65
0.15  -0.65
0.25  -0.65
0.35  -0.65
0.45  -0.65
-0.55  -0.55
-0.45  -0.55
-0.35  -0.55
-0.25  -0.55
-0.15  -0.55
-0.05  -0.55
0.05  -0.55
0.15  -0.55
0.25  -0.55
0.35  -0.55
0.45  -0.55
0.55  -0.55
-0.55  -0.45
-0.45  -0.45
-0.35  -0.45
-0.25  -0.45
-0.15  -0.45
-0.05  -0.45
0.05  -0.45
0.15  -0.45
0.25  -0.45
0.35  -0.45
0.45  -0.45
0.55  -0.45
-0.65  -0.35
-0.55  -0.35
-0.45  -0.35
-0.35  -0.35
-0.25  -0.35
-0.15  -0.35
-0.05  -0.35
0.05  -0.35
0.15  -0.35
0.25  -0.35
0.35  -0.35
0.45  -0.35
0.55  -0.35
0.65  -0.35
-0.65  -0.25
-0.55  -0.25
-0.45  -0.25
-0.35  -0.25
-0.25  -0.25
-0.15  -0.25
-0.05  -0.25
0.05  -0.25
0.15  -0.25
0.25  -0.25
0.35  -0.25
0.45  -0.25
0.55  -0.25
0.65  -0.25
-0.65  -0.15
-0.55  -0.15
-0.45  -0.15
-0.35  -0.15
-0.25  -0.15
-0.15  -0.15
-0.05  -0.15
0.05  -0.15
0.15  -0.15
0.25  -0.15
0.35  -0.15
0.45  -0.15
0.55  -0.15
0.65  -0.15
-0.75  -0.05
-0.65  -0.05
-0.55  -0.05
-0.45  -0.05
-0.35  -0.05
-0.25  -0.05
-0.15  -0.05
-0.05  -0.05
0.05  -0.05
0.15  -0.05
0.25  -0.05
0.35  -0.05
0.45  -0.05
0.55  -0.05
0.65  -0.05
0.75  -0.05
-0.75  0.05
-0.65  0.05
-0.55  0.05
-0.45  0.05
-0.35  0.05
-0.25  0.05
-0.15  0.05
-0.05  0.05
0.05  0.05
0.15  0.05
0.25  0.05
0.35  0.05
0.45  0.05
0.55  0.05
0.65  0.05
0.75  0.05
-0.75  0.15
-0.65  0.15
-0.55  0.15
-0.45  0.15
-0.35  0.15
-0.25  0.15
-0.15  0.15
-0.05  0.15
0.05  0.15
0.15  0.15
0.25  0.15
0.35  0.15
0.45  0.15
0.55  0.15
0.65  0.15
0.75  0.15
-0.75  0.25
-0.65  0.25
-0.55  0.25
-0.45  0.25
-0.35  0.25
-0.25  0.25
-0.15  0.25
-0.05  0.25
0.05  0.25
0.15  0.25
0.25  0.25
0.35  0.25
0.45  0.25
0.55  0.25
0.65  0.25
0.75  0.25
-0.75  0.35
-0.65  0.35
-0.55  0.35
-0.45  0.35
-0.35  0.35
-0.25  0.35
-0.15  0.35
-0.05  0.35
0.05  0.35
0.15  0.35
0.25  0.35
0.35  0.35
0.45  0.35
0.55  0.35
0.65  0.35
0.75  0.35
-0.75  0.45
-0.65  0.45
-0.55  0.45
-0.45  0.45
-0.35  0.45
-0.25  0.45
-0.15  0.45
-0.05  0.45
0.05  0.45
0.15  0.45
0.25  0.45
0.35  0.45
0.45  0.45
0.55  0.45
0.65  0.45
0.75  0.45
-0.65  0.55
-0.55  0.55
-0.45  0.55
-0.35  0.55
-0.25  0.55
-0.15  0.55
-0.05  0.55
0.05  0.55
0.15  0.55
0.25  0.55
0.35  0.55
0.45  0.55
0.55  0.55
0.65  0.55
-0.55  0.65
-0.45  0.65
-0.35  0.65
-0.25  0.65
-0.15  0.65
-0.05  0.65
0.05  0.65
0.15  0.65
0.25  0.65
0.35  0.65
0.45  0.65
0.55  0.65
-0.45  0.75
-0.35  0.75
-0.25  0.75
-0.15  0.75
-0.05  0.75
0.05  0.75
0.15  0.75
0.25  0.75
0.35  0.75
0.45  0.75
