-0.35  -0.75  2.11999e+08
-0.25  -0.75  2.11876e+08
-0.15  -0.75  2.09672e+08
-0.05  -0.75  2.09936e+08
0.05  -0.75  2.11256e+08
0.15  -0.75  2.11471e+08
0.25  -0.75  2.10801e+08
0.35  -0.75  2.11127e+08
-0.45  -0.65  1.97974e+08
-0.35  -0.65  1.99422e+08
-0.25  -0.65  1.98983e+08
-0.15  -0.65  1.97591e+08
-0.05  -0.65  1.97515e+08
0.05  -0.65  1.98667e+08
0.15  -0.65  1.98518e+08
0.25  -0.65  1.97109e+08
0.35  -0.65  1.99072e+08
0.45  -0.65  1.98884e+08
-0.55  -0.55  1.86041e+08
-0.45  -0.55  1.84764e+08
-0.35  -0.55  1.85708e+08
-0.25  -0.55  1.85203e+08
-0.15  -0.55  1.85585e+08
-0.05  -0.55  1.85585e+08
0.05  -0.55  1.84866e+08
0.15  -0.55  1.84124e+08
0.25  -0.55  1.8512e+08
0.35  -0.55  1.84457e+08
0.45  -0.55  1.85942e+08
0.55  -0.55  1.84724e+08
-0.55  -0.45  1.72729e+08
-0.45  -0.45  1.72897e+08
-0.35  -0.45  1.72032e+08
-0.25  -0.45  1.72527e+08
-0.15  -0.45  1.7124e+08
-0.05  -0.45  1.73243e+08
0.05  -0.45  1.71765e+08
0.15  -0.45  1.73438e+08
0.25  -0.45  1.73867e+08
0.35  -0.45  1.73214e+08
0.45  -0.45  1.74032e+08
0.55  -0.45  1.73237e+08
-0.65  -0.35  1.5903e+08
-0.55  -0.35  1.60892e+08
-0.45  -0.35  1.60568e+08
-0.35  -0.35  1.59535e+08
-0.25  -0.35  1.6009e+08
-0.15  -0.35  1.60383e+08
-0.05  -0.35  1.5976e+08
0.05  -0.35  1.59849e+08
0.15  -0.35  1.6067e+08
0.25  -0.35  1.61354e+08
0.35  -0.35  1.61888e+08
0.45  -0.35  1.60971e+08
0.55  -0.35  1.59746e+08
0.65  -0.35  1.61621e+08
-0.65  -0.25  1.47457e+08
-0.55  -0.25  1.47781e+08
-0.45  -0.25  1.48256e+08
-0.35  -0.25  1.47612e+08
-0.25  -0.25  1.49503e+08
-0.15  -0.25  1.48408e+08
-0.05  -0.25  1.48738e+08
0.05  -0.25  1.4878e+08
0.15  -0.25  1.48662e+08
0.25  -0.25  1.4887e+08
0.35  -0.25  1.4849e+08
0.45  -0.25  1.48381e+08
0.55  -0.25  1.49242e+08
0.65  -0.25  1.48487e+08
-0.65  -0.15  1.37066e+08
-0.55  -0.15  1.36356e+08
-0.45  -0.15  1.37046e+08
-0.35  -0.15  1.3762e+08
-0.25  -0.15  1.36168e+08
-0.15  -0.15  1.37422e+08
-0.05  -0.15  1.36795e+08
0.05  -0.15  1.36323e+08
0.15  -0.15  1.35996e+08
0.25  -0.15  1.36897e+08
0.35  -0.15  1.37066e+08
0.45  -0.15  1.36663e+08
0.55  -0.15  1.35835e+08
0.65  -0.15  1.3756e+08
-0.75  -0.05  1.23664e+08
-0.65  -0.05  1.25255e+08
-0.55  -0.05  1.25152e+08
-0.45  -0.05  1.24331e+08
-0.35  -0.05  1.24473e+08
-0.25  -0.05  1.24875e+08
-0.15  -0.05  1.24469e+08
-0.05  -0.05  1.24776e+08
0.05  -0.05  1.23971e+08
0.15  -0.05  1.25776e+08
0.25  -0.05  1.24763e+08
0.35  -0.05  1.24813e+08
0.45  -0.05  1.24994e+08
0.55  -0.05  1.2639e+08
0.65  -0.05  1.26136e+08
0.75  -0.05  1.26251e+08
-0.75  0.05  1.13909e+08
-0.65  0.05  1.13461e+08
-0.55  0.05  1.13084e+08
-0.45  0.05  1.14381e+08
-0.35  0.05  1.14348e+08
-0.25  0.05  1.14071e+08
-0.15  0.05  1.12844e+08
-0.05  0.05  1.13708e+08
0.05  0.05  1.13979e+08
0.15  0.05  1.1454e+08
0.25  0.05  1.14701e+08
0.35  0.05  1.1353e+08
0.45  0.05  1.14239e+08
0.55  0.05  1.14276e+08
0.65  0.05  1.13596e+08
0.75  0.05  1.1452e+08
-0.75  0.15  1.02511e+08
-0.65  0.15  1.03066e+08
-0.55  0.15  1.0291e+08
-0.45  0.15  1.02584e+08
-0.35  0.15  1.0332e+08
-0.25  0.15  1.0294e+08
-0.15  0.15  1.03138e+08
-0.05  0.15  1.02953e+08
0.05  0.15  1.02993e+08
0.15  0.15  1.02287e+08
0.25  0.15  1.02505e+08
0.35  0.15  1.02769e+08
0.45  0.15  1.02511e+08
0.55  0.15  1.02947e+08
0.65  0.15  1.02795e+08
0.75  0.15  1.02646e+08
-0.75  0.25  9.29379e+07
-0.65  0.25  9.20634e+07
-0.55  0.25  9.26079e+07
-0.45  0.25  9.23175e+07
-0.35  0.25  9.24363e+07
-0.25  0.25  9.13044e+07
-0.15  0.25  9.2169e+07
-0.05  0.25  9.22713e+07
0.05  0.25  9.21591e+07
0.15  0.25  9.26277e+07
0.25  0.25  9.24726e+07
0.35  0.25  9.25089e+07
0.45  0.25  9.26145e+07
0.55  0.25  9.30864e+07
0.65  0.25  9.19512e+07
0.75  0.25  9.14298e+07
-0.75  0.35  8.16057e+07
-0.65  0.35  8.17542e+07
-0.55  0.35  8.22228e+07
-0.45  0.35  8.22987e+07
-0.35  0.35  8.25033e+07
-0.25  0.35  8.10315e+07
-0.15  0.35  8.2401e+07
-0.05  0.35  8.20776e+07
0.05  0.35  8.2071e+07
0.15  0.35  8.18334e+07
0.25  0.35  8.10414e+07
0.35  0.35  8.20083e+07
0.45  0.35  8.17872e+07
0.55  0.35  8.16585e+07
0.65  0.35  8.13021e+07
0.75  0.35  8.19588e+07
-0.75  0.45  7.12932e+07
-0.65  0.45  7.13427e+07
-0.55  0.45  7.23459e+07
-0.45  0.45  7.11909e+07
-0.35  0.45  7.17354e+07
-0.25  0.45  7.1577e+07
-0.15  0.45  7.11711e+07
-0.05  0.45  7.17651e+07
0.05  0.45  7.20984e+07
0.15  0.45  7.08147e+07
0.25  0.45  7.19697e+07
0.35  0.45  7.15539e+07
0.45  0.45  7.19466e+07
0.55  0.45  7.11909e+07
0.65  0.45  7.15836e+07
0.75  0.45  7.16925e+07
-0.65  0.55  6.14031e+07
-0.55  0.55  6.15252e+07
-0.45  0.55  6.13272e+07
-0.35  0.55  6.13932e+07
-0.25  0.55  6.17232e+07
-0.15  0.55  6.18222e+07
-0.05  0.55  6.18123e+07
0.05  0.55  6.05517e+07
0.15  0.55  6.14163e+07
0.25  0.55  6.16044e+07
0.35  0.55  6.17991e+07
0.45  0.55  6.17661e+07
0.55  0.55  6.12942e+07
0.65  0.55  6.1083e+07
-0.55  0.65  5.23809e+07
-0.45  0.65  5.20245e+07
-0.35  0.65  5.18859e+07
-0.25  0.65  5.22588e+07
-0.15  0.65  5.15856e+07
-0.05  0.65  5.24073e+07
0.05  0.65  5.15196e+07
0.15  0.65  5.15493e+07
0.25  0.65  5.13942e+07
0.35  0.65  5.18232e+07
0.45  0.65  5.17506e+07
0.55  0.65  5.22984e+07
-0.45  0.75  4.20321e+07
-0.35  0.75  4.26822e+07
-0.25  0.75  4.21707e+07
-0.15  0.75  4.2999e+07
-0.05  0.75  4.29825e+07
0.05  0.75  4.27746e+07
0.15  0.75  4.20288e+07
0.25  0.75  4.27812e+07
0.35  0.75  4.24347e+07
0.45  0.75  4.29e+07
