expo(0)+expo(2) 4 0. 6.
11 8.06918 -10.1164 3.16116 -0.597341
13 -4.889e+06 2.2239 3.7522 -3.43956
211 6.69017 -1.62557 9.97686 -6.30166
321 10.1004 -6.4706 6.9732 -1.90638
2212 10.3203 -6.54015 7.24718 -1.62751
gaus(0)+gaus(3) 6 -3.1415 3.1415
11 435.321 0.0409423 0.211876 55.9829 0.194087 0.731673
13 54.572 -0.016624 1.11025 90.5763 0.51572 -0.111358
211 4276.29 0.00699519 0.251667 302.304 0.0197423 -1.38325
321 367.12 0.0632573 1.42579 4307.86 0.00992789 0.257362
2212 385.685 0.0293031 1.67598 5662.32 0.0364752 0.254035
gaus(0)+gaus(3) 6 -3.1415 3.1415
11 338.83 -0.076033 -0.192904 1083.2 -0.0231922 0.0718485
13 97.3242 -0.125036 0.388775 725.518 -0.0294877 0.0710052
211 830.867 -0.043829 0.613566 6893.32 -0.0313903 0.15897
321 7420.94 -0.0273041 0.157315 946.874 -0.0496852 0.645031
2212 1194.84 -0.0437869 0.652344 9535.98 -0.0215255 0.15546
expo(0)+gaus(2) 5 0. 16.
11 9.1581 -1.00308 428497 -2.0829 1.33129
13 12.383 -1.90079 -12932.8 -1.57101 -1.76558
211 11.2855 -0.866184 413.703 4.55151 2.81256
321 11.2932 -0.801706 204.577 5.65122 2.71902
2212 10.7914 -1.20311 18597.5 -5.42125 4.97649
